player	team	fgm	fga	fgp	fg3m	fg3a	fg3p	ftm	fta	ftp	oreb	dreb	reb	ast	stl	blk	tovr	pf	pts	plus_minus
"A.J. Price"	"Minnesota Timberwolves"	12	28	0.4285714285714285	4	13	0.3076923076923077	0	1	0.0	0	7	7	11	1	0	5	5	28	2
"Aaron Brooks"	"Houston Rockets"	96	240	0.4	48	118	0.4067796610169492	34	40	0.85	22	36	58	76	23	4	45	68	274	-34
"Aaron Gray"	"Sacramento Kings"	8	20	0.4	0	1	0.0	4	10	0.4	10	20	30	3	2	1	11	24	20	-18
"Aaron Gray"	"Toronto Raptors"	2	3	0.6666666666666666	0	0	0.0	1	2	0.5	3	5	8	3	0	0	4	7	5	-5
"Al Harrington"	"Washington Wizards"	19	52	0.3653846153846154	12	28	0.4285714285714285	5	7	0.7142857142857143	0	10	10	7	4	0	9	16	55	-57
"Al Horford"	"Atlanta Hawks"	238	420	0.5666666666666667	4	11	0.3636363636363636	58	85	0.6823529411764706	66	178	244	76	27	44	64	56	538	73
"Al Jefferson"	"Charlotte Bobcats"	281	590	0.476271186440678	1	3	0.3333333333333333	80	119	0.6722689075630253	79	286	365	73	33	43	43	90	643	-37
"Al-Farouq Aminu"	"New Orleans Hornets"	122	263	0.4638783269961977	6	21	0.2857142857142857	41	68	0.6029411764705882	69	202	271	62	45	27	47	68	291	-131
"Alan Anderson"	"New Jersey Nets"	117	288	0.40625	55	149	0.3691275167785235	53	66	0.803030303030303	24	84	108	48	34	9	30	85	342	-52
"Alec Burks"	"Utah Jazz"	200	454	0.4405286343612335	25	72	0.3472222222222222	135	177	0.7627118644067796	34	102	136	120	33	10	75	101	560	-130
"Alex Len"	"Phoenix Suns"	10	24	0.4166666666666667	0	0	0.0	5	8	0.625	19	12	31	1	2	4	6	19	25	-15
"Alexey Shved"	"Minnesota Timberwolves"	48	151	0.3178807947019868	21	66	0.3181818181818182	43	57	0.7543859649122807	16	42	58	41	20	12	23	23	160	16
"Alexis Ajinca"	"New Orleans Hornets"	30	52	0.5769230769230769	0	0	0.0	12	16	0.75	23	47	70	12	5	11	16	46	72	-1
"Allen Crabbe"	"Portland Trail Blazers"	7	15	0.4666666666666667	5	8	0.625	3	4	0.75	0	1	1	3	1	0	3	2	22	4
"Alonzo Gee"	"Cleveland Cavaliers"	42	110	0.3818181818181818	10	34	0.2941176470588235	18	22	0.8181818181818182	17	66	83	20	24	4	27	52	112	-134
"Amar'e Stoudemire"	"New York Knicks"	128	237	0.540084388185654	0	0	0.0	61	94	0.648936170212766	52	91	143	14	17	14	50	82	317	-131
"Amir Johnson"	"Toronto Raptors"	185	336	0.5505952380952381	12	46	0.2608695652173913	58	81	0.7160493827160493	98	176	274	45	26	48	66	144	440	93
"Anderson Varejao"	"Cleveland Cavaliers"	152	308	0.4935064935064935	0	5	0.0	64	90	0.7111111111111111	132	309	441	107	47	35	48	110	368	-19
"Andray Blatche"	"New Jersey Nets"	167	353	0.4730878186968839	8	27	0.2962962962962963	85	115	0.7391304347826086	70	150	220	54	34	16	59	82	427	-29
"Andre Drummond"	"Detroit Pistons"	232	384	0.6041666666666666	0	1	0.0	66	165	0.4	213	317	530	16	58	77	59	137	530	-170
"Andre Iguodala"	"Golden State Warriors"	111	221	0.502262443438914	42	98	0.4285714285714285	40	67	0.5970149253731343	19	108	127	148	52	11	60	52	304	323
"Andre Miller"	"Denver Nuggets"	66	144	0.4583333333333333	9	18	0.5	35	47	0.7446808510638298	16	57	73	100	15	7	33	32	176	10
"Andre Roberson"	"Oklahoma City Thunder"	12	22	0.5454545454545454	1	5	0.2	4	6	0.6666666666666666	15	21	36	7	7	3	7	22	29	19
"Andrea Bargnani"	"New York Knicks"	222	502	0.4422310756972112	30	108	0.2777777777777778	84	102	0.8235294117647058	69	153	222	45	14	51	58	100	558	-122
"Andrei Kirilenko"	"New Jersey Nets"	24	51	0.4705882352941176	0	0	0.0	30	47	0.6382978723404256	22	22	44	19	8	3	17	25	78	-6
"Andrew Bogut"	"Golden State Warriors"	161	253	0.6363636363636364	0	0	0.0	18	52	0.3461538461538461	115	319	434	66	31	74	72	121	340	194
"Andrew Bynum"	"Cleveland Cavaliers"	85	203	0.4187192118226601	0	0	0.0	32	42	0.7619047619047619	47	79	126	27	6	28	30	28	202	-127
"Andrew Nicholson"	"Orlando Magic"	119	266	0.4473684210526316	21	69	0.3043478260869565	36	45	0.8	36	139	175	9	10	17	34	80	295	-17
"Andris Biedrins"	"Utah Jazz"	1	1	1.0	0	0	0.0	1	6	0.1666666666666667	2	15	17	0	0	0	2	6	3	2
"Antawn Jamison"	"Los Angeles Clippers"	25	87	0.2873563218390804	8	40	0.2	18	25	0.72	9	42	51	6	9	3	7	28	76	56
"Anthony Bennett"	"Cleveland Cavaliers"	29	108	0.2685185185185185	4	28	0.1428571428571428	13	22	0.5909090909090909	21	48	69	7	12	4	26	48	75	-76
"Anthony Davis"	"New Orleans Hornets"	260	498	0.5220883534136547	1	3	0.3333333333333333	166	220	0.7545454545454545	130	220	350	43	52	102	60	110	687	-39
"Anthony Morrow"	"New Orleans Hornets"	75	166	0.4518072289156627	32	73	0.4383561643835616	17	21	0.8095238095238095	7	38	45	20	17	5	17	37	199	-36
"Anthony Randolph"	"Denver Nuggets"	32	74	0.4324324324324325	6	17	0.3529411764705883	33	39	0.8461538461538461	10	48	58	8	12	13	21	31	103	-54
"Anthony Tolliver"	"Charlotte Bobcats"	64	146	0.4383561643835616	52	112	0.4642857142857143	12	16	0.75	18	80	98	26	8	8	17	54	192	-24
"Archie Goodwin"	"Phoenix Suns"	44	115	0.3826086956521739	3	28	0.1071428571428571	18	27	0.6666666666666666	14	46	60	14	13	8	32	26	109	-75
"Arinze Onuaku"	"New Orleans Hornets"	1	4	0.25	0	0	0.0	1	2	0.5	2	5	7	3	0	0	1	3	3	-6
"Aron Baynes"	"San Antonio Spurs"	34	74	0.4594594594594595	0	0	0.0	7	8	0.875	22	41	63	13	0	1	17	29	75	-10
"Arron Afflalo"	"Orlando Magic"	275	592	0.464527027027027	77	182	0.4230769230769231	162	193	0.8393782383419689	19	156	175	148	23	1	86	67	789	-201
"Austin Daye"	"Toronto Raptors"	3	11	0.2727272727272727	0	6	0.0	2	3	0.6666666666666666	2	5	7	2	0	0	0	4	8	-14
"Austin Rivers"	"New Orleans Hornets"	55	141	0.3900709219858156	12	30	0.4	29	50	0.58	11	22	33	41	13	2	18	42	151	3
"Avery Bradley"	"Boston Celtics"	260	592	0.4391891891891892	46	127	0.3622047244094488	58	78	0.7435897435897436	40	137	177	60	44	10	70	114	624	-127
"Ben Gordon"	"Charlotte Bobcats"	35	98	0.3571428571428572	7	26	0.2692307692307692	15	19	0.7894736842105263	1	24	25	18	9	2	20	17	92	6
"Ben McLemore"	"Sacramento Kings"	112	310	0.3612903225806451	49	141	0.3475177304964539	42	52	0.8076923076923077	24	87	111	37	18	8	41	99	315	-90
"Beno Udrih"	"New York Knicks"	67	157	0.4267515923566879	16	39	0.4102564102564102	20	24	0.8333333333333334	10	47	57	108	22	3	42	45	170	-91
"Bernard James"	"Dallas Mavericks"	9	19	0.4736842105263158	0	1	0.0	6	8	0.75	11	20	31	1	2	5	5	13	24	0
"Bismack Biyombo"	"Charlotte Bobcats"	50	79	0.6329113924050633	0	0	0.0	34	62	0.5483870967741935	48	157	205	4	3	41	25	63	134	-85
"Blake Griffin"	"Los Angeles Clippers"	368	702	0.5242165242165242	8	27	0.2962962962962963	251	351	0.7150997150997151	99	340	439	153	51	28	126	151	995	227
"Boris Diaw"	"San Antonio Spurs"	154	275	0.5600000000000001	15	45	0.3333333333333333	37	49	0.7551020408163265	29	107	136	98	22	16	53	63	360	190
"Bradley Beal"	"Washington Wizards"	210	512	0.41015625	68	158	0.4303797468354431	55	68	0.8088235294117647	23	96	119	97	27	8	63	72	543	7
"Brandan Wright"	"Dallas Mavericks"	83	125	0.664	0	0	0.0	28	40	0.7	36	48	84	13	13	16	15	42	194	40
"Brandon Bass"	"Boston Celtics"	178	388	0.4587628865979381	2	3	0.6666666666666666	115	136	0.8455882352941176	75	184	259	55	22	46	55	114	473	-205
"Brandon Davies"	"Philadelphia 76ers"	34	89	0.3820224719101123	0	3	0.0	23	33	0.696969696969697	27	46	73	22	19	6	27	70	91	-61
"Brandon Jennings"	"Detroit Pistons"	226	605	0.3735537190082645	72	214	0.3364485981308411	130	166	0.7831325301204819	34	95	129	329	62	4	125	82	654	-83
"Brandon Knight"	"Milwaukee Bucks"	188	456	0.412280701754386	48	143	0.3356643356643357	102	125	0.8159999999999999	22	105	127	149	33	4	92	61	526	-172
"Brandon Rush"	"Utah Jazz"	19	49	0.3877551020408163	9	22	0.4090909090909091	2	2	1.0	3	23	26	19	3	6	15	19	49	-48
"Brian Roberts"	"New Orleans Hornets"	86	205	0.4195121951219512	27	70	0.3857142857142857	42	46	0.9130434782608695	6	53	59	94	15	2	29	61	241	-41
"Brook Lopez"	"New Jersey Nets"	129	229	0.5633187772925764	0	1	0.0	94	115	0.8173913043478261	39	63	102	16	9	30	28	52	352	-20
"Byron Mullens"	"Los Angeles Clippers"	24	58	0.4137931034482759	12	35	0.3428571428571429	2	6	0.3333333333333333	6	23	29	6	6	3	11	30	62	-43
"CJ McCollum"	"Portland Trail Blazers"	19	42	0.4523809523809524	7	17	0.4117647058823529	3	4	0.75	2	7	9	3	1	1	3	12	48	-17
"CJ Miles"	"Cleveland Cavaliers"	138	319	0.4326018808777429	63	157	0.4012738853503185	47	56	0.8392857142857143	17	68	85	41	36	13	35	80	386	39
"CJ Watson"	"Indiana Pacers"	92	212	0.4339622641509434	34	93	0.3655913978494624	44	53	0.8301886792452831	13	55	68	74	37	4	36	41	262	118
"Carl Landry"	"Sacramento Kings"	5	12	0.4166666666666667	0	0	0.0	2	3	0.6666666666666666	4	6	10	0	0	0	2	3	12	1
"Carlos Boozer"	"Chicago Bulls"	237	517	0.4584139264990329	0	0	0.0	92	120	0.7666666666666667	75	249	324	60	27	14	90	108	566	-11
"Carmelo Anthony"	"New York Knicks"	358	818	0.4376528117359413	70	170	0.4117647058823529	232	274	0.8467153284671532	93	257	350	121	46	27	91	113	1018	-18
"Caron Butler"	"Milwaukee Bucks"	100	266	0.3759398496240601	35	109	0.3211009174311927	36	43	0.8372093023255814	12	109	121	48	18	7	40	51	271	-168
"Carrick Felix"	"Cleveland Cavaliers"	3	8	0.375	0	2	0.0	3	4	0.75	1	3	4	1	0	0	3	2	9	-8
"Cartier Martin"	"Atlanta Hawks"	54	134	0.4029850746268657	34	84	0.4047619047619048	23	28	0.8214285714285714	3	47	50	17	14	4	22	41	165	-29
"Cartier Martin"	"Chicago Bulls"	5	8	0.625	3	5	0.6	2	4	0.5	1	2	3	2	1	0	1	2	15	-3
"Chandler Parsons"	"Houston Rockets"	253	503	0.5029821073558648	68	177	0.384180790960452	95	131	0.7251908396946565	32	193	225	142	45	20	80	90	669	155
"Channing Frye"	"Phoenix Suns"	189	415	0.455421686746988	91	218	0.4174311926605505	36	48	0.75	42	180	222	43	36	34	44	124	505	227
"Charles Hayes"	"Sacramento Kings"	14	32	0.4375	0	0	0.0	5	7	0.7142857142857143	20	27	47	6	11	2	7	18	33	5
"Charles Hayes"	"Toronto Raptors"	14	31	0.4516129032258064	0	0	0.0	8	8	1.0	17	39	56	6	6	1	7	22	36	46
"Charlie Villanueva"	"Detroit Pistons"	24	62	0.3870967741935484	9	37	0.2432432432432433	6	10	0.6	4	17	21	5	3	4	7	5	63	-36
"Chase Budinger"	"Minnesota Timberwolves"	10	37	0.2702702702702703	4	13	0.3076923076923077	1	2	0.5	1	8	9	7	2	0	6	9	25	-11
"Chauncey Billups"	"Detroit Pistons"	23	75	0.3066666666666666	14	48	0.2916666666666667	10	12	0.8333333333333334	4	23	27	40	8	1	23	24	70	-37
"Chris Andersen"	"Miami Heat"	88	134	0.6567164179104478	1	5	0.2	55	80	0.6875	51	110	161	16	17	39	29	81	232	114
"Chris Bosh"	"Miami Heat"	273	511	0.5342465753424658	31	84	0.3690476190476191	123	153	0.803921568627451	58	223	281	45	35	44	63	110	700	264
"Chris Copeland"	"Indiana Pacers"	20	44	0.4545454545454545	13	31	0.4193548387096774	4	5	0.8	1	9	10	7	2	4	3	16	57	0
"Chris Douglas-Roberts"	"Charlotte Bobcats"	27	57	0.4736842105263158	9	26	0.3461538461538461	13	17	0.7647058823529411	4	32	36	10	6	5	13	15	76	-59
"Chris Johnson"	"Boston Celtics"	7	16	0.4375	3	11	0.2727272727272727	3	3	1.0	2	3	5	2	5	0	2	3	20	2
"Chris Kaman"	"Los Angeles Lakers"	81	164	0.4939024390243902	0	2	0.0	25	31	0.8064516129032258	28	96	124	22	6	22	43	49	187	-57
"Chris Paul"	"Los Angeles Clippers"	228	491	0.4643584521384929	42	118	0.3559322033898305	167	192	0.8697916666666666	20	138	158	380	83	3	85	82	665	172
"Chris Singleton"	"Washington Wizards"	18	44	0.4090909090909091	7	16	0.4375	9	11	0.8181818181818182	9	21	30	4	7	3	10	16	52	-35
"Chris Smith"	"New York Knicks"	0	0	0.0	0	0	0.0	0	0	0.0	0	0	0	0	0	0	0	0	0	-3
"Cody Zeller"	"Charlotte Bobcats"	83	223	0.3721973094170404	0	1	0.0	53	69	0.7681159420289855	54	113	167	49	21	19	51	97	219	-109
"Cole Aldrich"	"New York Knicks"	3	8	0.375	0	0	0.0	4	6	0.6666666666666666	6	21	27	4	1	3	6	5	10	-21
"Corey Brewer"	"Minnesota Timberwolves"	177	395	0.4481012658227848	39	136	0.2867647058823529	75	102	0.7352941176470589	32	71	103	64	65	17	59	111	468	240
"Cory Joseph"	"San Antonio Spurs"	41	87	0.4712643678160919	6	15	0.4	29	38	0.7631578947368421	12	22	34	32	7	4	18	27	117	-3
"Courtney Lee"	"Boston Celtics"	90	183	0.4918032786885246	23	52	0.4423076923076923	18	22	0.8181818181818182	8	41	49	32	20	9	25	37	221	-39
"Courtney Lee"	"Memphis Grizzlies"	39	72	0.5416666666666666	10	25	0.4	16	16	1.0	3	18	21	8	6	4	7	12	104	54
"D.J. Augustin"	"Chicago Bulls"	90	208	0.4326923076923077	43	103	0.4174757281553398	50	54	0.9259259259259259	7	41	48	129	26	2	44	51	273	-9
"D.J. Augustin"	"Toronto Raptors"	7	24	0.2916666666666667	1	11	0.09090909090909091	6	6	1.0	0	4	4	10	1	0	9	7	21	-14
"Damian Lillard"	"Portland Trail Blazers"	287	680	0.4220588235294118	131	309	0.4239482200647249	198	222	0.8918918918918919	17	140	157	245	32	17	99	104	903	259
"Daniel Orton"	"Philadelphia 76ers"	21	47	0.4468085106382979	0	0	0.0	23	30	0.7666666666666667	16	45	61	15	6	16	18	38	65	-35
"Danny Granger"	"Indiana Pacers"	48	129	0.3720930232558139	18	58	0.3103448275862069	27	28	0.9642857142857143	7	49	56	23	8	7	23	28	141	95
"Danny Green"	"San Antonio Spurs"	98	235	0.4170212765957447	56	146	0.3835616438356164	20	24	0.8333333333333334	8	103	111	47	42	33	37	51	272	166
"Dante Cunningham"	"Minnesota Timberwolves"	101	227	0.4449339207048458	0	2	0.0	9	14	0.6428571428571429	59	101	160	42	32	24	17	65	211	-34
"Darius Miller"	"New Orleans Hornets"	19	43	0.4418604651162791	10	26	0.3846153846153846	4	5	0.8	4	19	23	14	4	3	5	31	52	41
"Darius Morris"	"Los Angeles Clippers"	4	13	0.3076923076923077	0	7	0.0	1	2	0.5	0	4	4	5	2	0	2	8	9	-24
"Darius Morris"	"Philadelphia 76ers"	29	67	0.4328358208955224	10	24	0.4166666666666667	15	21	0.7142857142857143	3	10	13	31	8	0	19	21	83	-32
"Darrell Arthur"	"Denver Nuggets"	84	204	0.4117647058823529	2	8	0.25	21	24	0.875	27	92	119	35	16	26	30	96	191	99
"Darren Collison"	"Los Angeles Clippers"	146	311	0.4694533762057878	27	78	0.3461538461538461	99	115	0.8608695652173913	27	77	104	130	47	9	64	76	418	86
"David Lee"	"Golden State Warriors"	331	635	0.521259842519685	0	1	0.0	163	203	0.8029556650246306	125	301	426	97	24	17	97	125	825	316
"David West"	"Indiana Pacers"	214	451	0.4745011086474501	1	7	0.1428571428571428	80	105	0.7619047619047619	55	216	271	125	37	39	76	89	509	283
"DeAndre Jordan"	"Los Angeles Clippers"	175	273	0.6410256410256411	0	0	0.0	71	176	0.4034090909090909	185	425	610	40	44	110	67	147	421	186
"DeJuan Blair"	"Dallas Mavericks"	152	264	0.5757575757575758	0	2	0.0	37	63	0.5873015873015873	96	171	267	50	44	12	51	130	341	29
"DeMar DeRozan"	"Toronto Raptors"	319	745	0.4281879194630873	37	125	0.296	217	279	0.7777777777777778	31	157	188	152	50	20	92	92	892	43
"DeMarcus Cousins"	"Sacramento Kings"	327	670	0.4880597014925373	0	6	0.0	248	344	0.7209302325581395	124	338	462	118	71	48	137	156	902	0
"DeMarre Carroll"	"Atlanta Hawks"	135	296	0.4560810810810811	43	125	0.344	55	70	0.7857142857142857	53	159	212	63	52	10	35	92	368	37
"Dennis Schroeder"	"Atlanta Hawks"	23	58	0.396551724137931	1	10	0.1	10	15	0.6666666666666666	1	14	15	33	7	0	25	18	57	-55
"Derek Fisher"	"Oklahoma City Thunder"	59	165	0.3575757575757576	31	93	0.3333333333333333	32	37	0.8648648648648649	7	49	56	55	28	0	24	77	181	131
"Deron Williams"	"New Jersey Nets"	116	247	0.4696356275303644	34	86	0.3953488372093023	56	72	0.7777777777777778	2	51	53	164	23	6	65	47	322	18
"Derrick Favors"	"Utah Jazz"	220	425	0.5176470588235295	0	1	0.0	99	150	0.66	108	256	364	45	42	54	74	132	539	-216
"Derrick Rose"	"Chicago Bulls"	58	164	0.3536585365853658	16	47	0.3404255319148936	27	32	0.84375	9	23	32	43	5	1	34	15	159	-33
"Derrick Williams"	"Minnesota Timberwolves"	19	54	0.3518518518518519	2	15	0.1333333333333333	14	16	0.875	3	23	26	1	4	4	6	9	54	-26
"Derrick Williams"	"Sacramento Kings"	100	202	0.495049504950495	14	43	0.3255813953488372	65	96	0.6770833333333334	30	82	112	27	24	8	27	50	279	-75
"Devin Harris"	"Dallas Mavericks"	4	14	0.2857142857142857	1	6	0.1666666666666667	2	4	0.5	0	4	4	5	1	0	0	3	11	-4
"Dewayne Dedmon"	"Golden State Warriors"	0	1	0.0	0	0	0.0	1	2	0.5	0	0	0	0	0	0	0	1	1	-6
"Dewayne Dedmon"	"Philadelphia 76ers"	8	16	0.5	0	0	0.0	2	5	0.4	6	23	29	2	0	5	5	8	18	-11
"Diante Garrett"	"Utah Jazz"	40	104	0.3846153846153846	13	34	0.3823529411764706	4	4	1.0	7	35	42	71	20	2	35	22	97	-27
"Dion Waiters"	"Cleveland Cavaliers"	199	491	0.4052953156822811	43	118	0.3644067796610169	92	132	0.696969696969697	18	88	106	98	31	8	83	80	533	-51
"Dionte Christmas"	"Phoenix Suns"	17	43	0.3953488372093023	6	23	0.2608695652173913	10	12	0.8333333333333334	8	19	27	5	2	3	3	14	50	9
"Dirk Nowitzki"	"Dallas Mavericks"	324	677	0.4785819793205318	66	168	0.3928571428571428	173	192	0.9010416666666666	15	231	246	121	42	30	58	90	887	149
"Donald Sloan"	"Indiana Pacers"	14	31	0.4516129032258064	4	13	0.3076923076923077	5	7	0.7142857142857143	1	20	21	16	5	0	6	7	37	3
"Donatas Motiejunas"	"Houston Rockets"	38	94	0.4042553191489361	6	31	0.1935483870967742	17	30	0.5666666666666667	17	52	69	11	4	10	10	47	99	-18
"Dorell Wright"	"Portland Trail Blazers"	54	149	0.3624161073825503	37	105	0.3523809523809524	19	26	0.7307692307692307	12	61	73	25	10	5	22	27	164	-17
"Doron Lamb"	"Orlando Magic"	20	51	0.392156862745098	10	31	0.3225806451612903	8	11	0.7272727272727273	0	11	11	14	3	0	11	15	58	-3
"Draymond Green"	"Golden State Warriors"	77	199	0.3869346733668342	30	87	0.3448275862068966	34	61	0.5573770491803278	40	150	190	65	45	34	43	105	218	16
"Dwight Buycks"	"Toronto Raptors"	14	41	0.3414634146341464	5	15	0.3333333333333333	8	9	0.8888888888888888	3	17	20	10	6	0	6	10	41	4
"Dwight Howard"	"Houston Rockets"	293	502	0.5836653386454184	2	5	0.4	217	413	0.5254237288135594	155	398	553	81	39	78	134	156	805	159
"Dwyane Wade"	"Miami Heat"	231	428	0.5397196261682243	8	19	0.4210526315789473	96	136	0.7058823529411765	29	116	145	142	54	18	87	63	566	143
"E'Twaun Moore"	"Orlando Magic"	87	216	0.4027777777777778	27	81	0.3333333333333333	24	31	0.7741935483870968	14	53	67	59	36	6	29	54	225	-102
"Earl Clark"	"Cleveland Cavaliers"	81	223	0.3632286995515695	38	109	0.3486238532110092	13	20	0.65	17	94	111	14	16	18	26	53	213	-131
"Earl Watson"	"Portland Trail Blazers"	0	2	0.0	0	1	0.0	2	2	1.0	2	3	5	10	1	0	8	11	2	2
"Ed Davis"	"Memphis Grizzlies"	109	192	0.5677083333333334	0	0	0.0	37	69	0.5362318840579711	59	103	162	19	11	28	26	72	255	55
"Ekpe Udoh"	"Milwaukee Bucks"	48	120	0.4	0	0	0.0	29	45	0.6444444444444445	56	76	132	25	14	36	33	79	125	-129
"Elias Harris"	"Los Angeles Lakers"	0	1	0.0	0	0	0.0	0	0	0.0	1	0	1	1	1	0	0	0	0	-6
"Elliot Williams"	"Philadelphia 76ers"	33	97	0.3402061855670103	10	38	0.2631578947368421	30	43	0.6976744186046512	11	28	39	12	7	1	25	46	106	-125
"Elton Brand"	"Atlanta Hawks"	53	95	0.5578947368421052	0	0	0.0	23	31	0.7419354838709677	32	91	123	16	12	36	20	64	129	-2
"Enes Kanter"	"Utah Jazz"	201	419	0.4797136038186158	0	0	0.0	70	93	0.7526881720430108	97	160	257	34	18	28	77	123	472	-277
"Eric Bledsoe"	"Phoenix Suns"	151	311	0.4855305466237942	28	80	0.35	101	128	0.7890625	10	92	102	140	37	8	78	61	431	27
"Eric Gordon"	"New Orleans Hornets"	217	494	0.4392712550607287	59	146	0.4041095890410959	112	140	0.8	23	82	105	120	51	7	81	71	605	-135
"Eric Maynor"	"Washington Wizards"	21	70	0.3	8	24	0.3333333333333333	2	3	0.6666666666666666	7	17	24	39	5	1	17	12	52	-113
"Erik Murphy"	"Chicago Bulls"	2	9	0.2222222222222222	0	1	0.0	0	0	0.0	1	3	4	0	0	2	2	4	4	-35
"Ersan Ilyasova"	"Milwaukee Bucks"	116	294	0.3945578231292517	18	69	0.2608695652173913	37	47	0.7872340425531915	49	110	159	41	33	4	48	72	287	-164
"Evan Fournier"	"Denver Nuggets"	81	189	0.4285714285714285	30	75	0.4	20	33	0.6060606060606061	9	59	68	32	8	4	36	72	212	68
"Evan Turner"	"Philadelphia 76ers"	294	663	0.4434389140271493	33	106	0.3113207547169811	145	177	0.8192090395480226	43	213	256	151	37	4	127	112	766	-168
"Francisco Garcia"	"Houston Rockets"	84	218	0.3853211009174312	52	152	0.3421052631578947	10	17	0.5882352941176471	17	77	94	45	24	27	25	85	230	34
"Gal Mekel"	"Dallas Mavericks"	29	84	0.3452380952380952	5	20	0.25	8	12	0.6666666666666666	5	21	26	62	4	1	31	29	71	2
"Garrett Temple"	"Washington Wizards"	32	92	0.3478260869565217	4	21	0.1904761904761905	17	26	0.6538461538461539	14	29	43	51	18	7	32	51	85	-58
"Gary Neal"	"Milwaukee Bucks"	85	221	0.3846153846153846	37	91	0.4065934065934066	35	42	0.8333333333333334	5	39	44	39	3	0	30	20	242	-146
"George Hill"	"Indiana Pacers"	137	318	0.4308176100628931	55	138	0.3985507246376812	75	90	0.8333333333333334	24	111	135	122	36	14	48	77	404	270
"Gerald Green"	"Phoenix Suns"	199	458	0.4344978165938865	98	264	0.3712121212121212	64	77	0.8311688311688312	17	111	128	61	35	25	59	113	560	77
"Gerald Henderson"	"Charlotte Bobcats"	243	578	0.4204152249134948	16	51	0.3137254901960784	175	222	0.7882882882882883	22	163	185	119	34	17	68	98	677	-104
"Gerald Wallace"	"Boston Celtics"	75	147	0.5102040816326531	14	47	0.2978723404255319	28	68	0.4117647058823529	21	126	147	107	52	9	72	59	192	-100
"Giannis Antetokounmpo"	"Milwaukee Bucks"	88	196	0.4489795918367347	16	54	0.2962962962962963	59	82	0.7195121951219512	44	124	168	62	24	27	57	82	251	-92
"Gigi Datome"	"Detroit Pistons"	27	74	0.3648648648648649	6	31	0.1935483870967742	4	6	0.6666666666666666	9	17	26	6	5	1	9	16	64	11
"Glen Davis"	"Orlando Magic"	184	405	0.454320987654321	3	9	0.3333333333333333	65	98	0.6632653061224489	69	162	231	49	35	15	50	88	436	-117
"Glen Rice Jr."	"Washington Wizards"	11	37	0.2972972972972973	5	17	0.2941176470588235	5	7	0.7142857142857143	4	16	20	7	6	1	9	7	32	13
"Goran Dragic"	"Phoenix Suns"	260	526	0.4942965779467681	50	135	0.3703703703703703	168	217	0.7741935483870968	35	92	127	226	50	8	105	88	738	184
"Gordon Hayward"	"Utah Jazz"	233	554	0.4205776173285198	47	147	0.3197278911564626	146	176	0.8295454545454546	34	171	205	186	52	26	100	81	659	-204
"Gorgui Dieng"	"Minnesota Timberwolves"	15	31	0.4838709677419355	0	0	0.0	5	15	0.3333333333333333	14	30	44	7	7	14	11	30	35	-33
"Greg Monroe"	"Detroit Pistons"	239	473	0.5052854122621564	0	0	0.0	123	192	0.640625	130	234	364	83	41	19	92	103	601	-48
"Greg Oden"	"Miami Heat"	5	11	0.4545454545454545	0	0	0.0	4	6	0.6666666666666666	6	2	8	0	0	2	1	9	14	-4
"Greg Smith"	"Houston Rockets"	18	28	0.6428571428571429	0	0	0.0	2	5	0.4	11	16	27	0	1	2	5	17	38	-16
"Greg Stiemsma"	"New Orleans Hornets"	22	41	0.5365853658536586	0	0	0.0	4	8	0.5	22	48	70	7	5	16	18	54	48	-57
"Greivis Vasquez"	"Sacramento Kings"	65	150	0.4333333333333333	16	50	0.32	30	32	0.9375	5	29	34	95	6	1	27	38	176	-74
"Greivis Vasquez"	"Toronto Raptors"	55	156	0.3525641025641026	22	69	0.3188405797101449	18	23	0.7826086956521739	6	42	48	80	8	1	32	27	150	68
"Gustavo Ayon"	"Atlanta Hawks"	20	42	0.4761904761904762	0	0	0.0	3	4	0.75	24	38	62	9	8	4	9	23	43	-38
"Hamady Ndiaye"	"Sacramento Kings"	3	9	0.3333333333333333	0	0	0.0	0	1	0.0	5	13	18	3	0	4	3	15	6	-27
"Harrison Barnes"	"Golden State Warriors"	153	363	0.4214876033057851	36	87	0.4137931034482759	70	98	0.7142857142857143	23	129	152	60	35	6	48	89	412	-101
"Hasheem Thabeet"	"Oklahoma City Thunder"	4	7	0.5714285714285714	0	0	0.0	0	1	0.0	4	9	13	1	0	0	4	10	8	-12
"Hedo Turkoglu"	"Los Angeles Clippers"	2	7	0.2857142857142857	0	2	0.0	2	2	1.0	0	10	10	4	0	1	1	3	6	10
"Henry Sims"	"Cleveland Cavaliers"	5	12	0.4166666666666667	0	0	0.0	2	4	0.5	7	15	22	2	0	3	3	11	12	6
"Hilton Armstrong"	"Golden State Warriors"	2	3	0.6666666666666666	0	0	0.0	2	8	0.25	7	9	16	1	1	2	2	3	6	2
"Hollis Thompson"	"Philadelphia 76ers"	88	192	0.4583333333333333	24	72	0.3333333333333333	29	42	0.6904761904761905	47	93	140	32	24	6	29	64	229	-182
"Ian Clark"	"Utah Jazz"	14	39	0.358974358974359	5	17	0.2941176470588235	3	5	0.6	3	10	13	7	3	2	8	13	36	43
"Ian Mahinmi"	"Indiana Pacers"	39	89	0.4382022471910113	0	0	0.0	41	66	0.6212121212121212	47	76	123	12	24	36	32	109	119	15
"Iman Shumpert"	"New York Knicks"	108	276	0.391304347826087	50	139	0.3597122302158273	42	54	0.7777777777777778	47	163	210	81	52	8	48	123	308	9
"Isaiah Canaan"	"Houston Rockets"	1	4	0.25	0	3	0.0	4	4	1.0	0	1	1	0	0	0	0	3	6	-20
"Isaiah Thomas"	"Sacramento Kings"	265	584	0.4537671232876712	82	204	0.4019607843137255	189	222	0.8513513513513513	30	85	115	259	58	2	114	104	801	8
"Ish Smith"	"Phoenix Suns"	49	129	0.3798449612403101	1	17	0.05882352941176471	8	15	0.5333333333333333	10	36	46	66	19	3	25	24	107	-15
"J.R. Smith"	"New York Knicks"	155	425	0.3647058823529412	72	207	0.3478260869565217	36	59	0.6101694915254238	19	130	149	101	33	7	48	100	418	-115
"JJ Hickson"	"Denver Nuggets"	194	385	0.5038961038961038	0	4	0.0	82	143	0.5734265734265734	116	258	374	51	28	30	67	104	470	-101
"JJ Redick"	"Los Angeles Clippers"	129	280	0.4607142857142857	46	129	0.3565891472868217	71	78	0.9102564102564102	8	42	50	53	20	3	26	47	375	163
"JaVale McGee"	"Denver Nuggets"	17	38	0.4473684210526316	0	0	0.0	1	1	1.0	10	7	17	2	1	7	8	16	35	-5
"Jae Crowder"	"Dallas Mavericks"	90	205	0.4390243902439024	39	109	0.3577981651376147	25	34	0.7352941176470589	27	87	114	39	42	17	32	59	244	144
"Jamaal Franklin"	"Memphis Grizzlies"	11	34	0.3235294117647059	3	9	0.3333333333333333	2	2	1.0	4	16	20	5	4	1	7	18	27	24
"Jamaal Tinsley"	"Utah Jazz"	4	20	0.2	1	15	0.06666666666666667	0	0	0.0	2	9	11	23	2	0	9	10	9	-47
"Jamal Crawford"	"Los Angeles Clippers"	265	649	0.4083204930662558	96	270	0.3555555555555556	140	169	0.8284023668639053	21	78	99	129	34	10	83	73	766	147
"Jameer Nelson"	"Orlando Magic"	190	472	0.4025423728813559	92	254	0.3622047244094488	68	77	0.8831168831168831	17	129	146	268	32	3	103	92	540	-138
"James Anderson"	"Philadelphia 76ers"	162	358	0.4525139664804469	49	156	0.3141025641025641	45	62	0.7258064516129032	34	132	166	68	35	15	57	70	418	-182
"James Harden"	"Houston Rockets"	279	622	0.4485530546623794	78	238	0.3277310924369748	286	338	0.8461538461538461	36	152	188	204	52	21	145	95	922	208
"James Johnson"	"Memphis Grizzlies"	54	121	0.4462809917355372	12	40	0.3	15	17	0.8823529411764706	25	51	76	45	22	30	23	39	135	24
"James Jones"	"Miami Heat"	11	26	0.4230769230769231	11	20	0.55	4	7	0.5714285714285714	0	5	5	4	1	2	1	0	37	12
"James Nunnally"	"Atlanta Hawks"	2	3	0.6666666666666666	1	2	0.5	0	0	0.0	0	0	0	1	0	1	0	0	5	11
"James Southerland"	"Charlotte Bobcats"	0	3	0.0	0	1	0.0	0	0	0.0	0	0	0	0	0	0	0	0	0	-3
"Jan Vesely"	"Washington Wizards"	47	85	0.5529411764705883	0	0	0.0	7	28	0.25	48	59	107	9	25	17	22	62	101	-81
"Jannero Pargo"	"Charlotte Bobcats"	15	30	0.5	7	16	0.4375	3	5	0.6	0	4	4	10	5	0	8	5	40	-27
"Jared Cunningham"	"Atlanta Hawks"	0	0	0.0	0	0	0.0	0	0	0.0	0	1	1	1	0	0	1	0	0	1
"Jared Dudley"	"Los Angeles Clippers"	146	324	0.4506172839506173	63	167	0.3772455089820359	24	36	0.6666666666666666	25	73	98	72	31	8	42	106	379	143
"Jared Sullinger"	"Boston Celtics"	216	495	0.4363636363636363	30	108	0.2777777777777778	86	112	0.7678571428571429	131	201	332	67	20	22	69	144	548	42
"Jarrett Jack"	"Cleveland Cavaliers"	139	340	0.4088235294117647	34	88	0.3863636363636364	57	66	0.8636363636363636	9	104	113	151	24	10	66	63	369	-194
"Jason Maxiell"	"Orlando Magic"	46	100	0.46	0	0	0.0	13	27	0.4814814814814815	27	56	83	9	7	18	13	45	105	-76
"Jason Smith"	"New Orleans Hornets"	131	282	0.4645390070921986	0	0	0.0	39	50	0.78	51	130	181	29	11	29	28	100	301	-64
"Jason Terry"	"New Jersey Nets"	39	105	0.3714285714285714	25	69	0.3623188405797101	8	11	0.7272727272727273	3	27	30	34	6	0	15	38	111	-69
"Jason Thompson"	"Sacramento Kings"	140	267	0.5243445692883895	0	0	0.0	39	62	0.6290322580645161	73	183	256	29	15	28	45	133	319	-30
"Jeff Adrien"	"Charlotte Bobcats"	19	37	0.5135135135135135	0	0	0.0	13	25	0.52	32	49	81	6	6	14	7	32	51	-13
"Jeff Ayres"	"San Antonio Spurs"	53	101	0.5247524752475248	0	0	0.0	19	26	0.7307692307692307	44	104	148	34	8	11	33	80	125	115
"Jeff Green"	"Boston Celtics"	251	582	0.4312714776632303	67	178	0.3764044943820224	145	188	0.7712765957446809	29	194	223	65	24	25	85	91	714	-114
"Jeff Taylor"	"Charlotte Bobcats"	82	218	0.3761467889908257	18	67	0.2686567164179104	26	47	0.5531914893617021	15	45	60	22	13	5	25	62	208	-75
"Jeff Teague"	"Atlanta Hawks"	233	564	0.4131205673758865	30	115	0.2608695652173913	177	216	0.8194444444444444	23	92	115	305	53	7	139	89	673	16
"Jeff Withey"	"New Orleans Hornets"	16	24	0.6666666666666666	0	0	0.0	19	23	0.8260869565217391	13	21	34	6	5	9	4	19	51	21
"Jeremy Evans"	"Utah Jazz"	91	175	0.52	0	1	0.0	25	35	0.7142857142857143	63	95	158	28	15	21	17	72	207	-54
"Jeremy Lamb"	"Oklahoma City Thunder"	168	380	0.4421052631578947	55	154	0.3571428571428572	32	38	0.8421052631578947	17	103	120	67	28	17	30	85	423	181
"Jeremy Lin"	"Houston Rockets"	148	321	0.4610591900311526	38	110	0.3454545454545455	124	157	0.7898089171974523	10	70	80	145	35	16	93	79	458	52
"Jeremy Tyler"	"New York Knicks"	9	13	0.6923076923076923	0	0	0.0	0	0	0.0	5	5	10	0	0	1	1	5	18	-15
"Jermaine O'Neal"	"Golden State Warriors"	38	79	0.4810126582278481	0	0	0.0	30	40	0.75	23	54	77	5	8	14	23	41	106	21
"Jerryd Bayless"	"Boston Celtics"	24	63	0.3809523809523809	3	17	0.1764705882352941	6	7	0.8571428571428571	1	9	10	24	10	2	10	14	57	-3
"Jerryd Bayless"	"Memphis Grizzlies"	90	239	0.3765690376569037	25	83	0.3012048192771085	45	57	0.7894736842105263	8	51	59	66	20	5	22	72	250	19
"Jimmer Fredette"	"Sacramento Kings"	62	139	0.4460431654676259	25	49	0.5102040816326531	14	15	0.9333333333333333	5	36	41	40	8	3	27	14	163	-53
"Jimmy Butler"	"Chicago Bulls"	104	280	0.3714285714285714	28	102	0.2745098039215687	105	135	0.7777777777777778	33	92	125	59	54	18	46	40	341	45
"Joakim Noah"	"Chicago Bulls"	172	372	0.4623655913978494	0	1	0.0	125	171	0.7309941520467836	149	307	456	156	48	53	87	125	469	11
"Jodie Meeks"	"Los Angeles Lakers"	204	457	0.4463894967177243	92	230	0.4	109	131	0.8320610687022901	20	104	124	78	57	1	68	75	609	-244
"Joe Johnson"	"New Jersey Nets"	237	526	0.4505703422053232	80	204	0.392156862745098	83	103	0.8058252427184466	27	107	134	112	21	7	48	73	637	-12
"Joel Anthony"	"Boston Celtics"	1	2	0.5	0	0	0.0	0	0	0.0	0	3	3	0	0	1	0	1	2	5
"Joel Anthony"	"Miami Heat"	2	6	0.3333333333333333	0	0	0.0	2	2	1.0	2	5	7	0	0	4	1	4	6	4
"Joel Freeland"	"Portland Trail Blazers"	59	130	0.4538461538461538	0	2	0.0	16	23	0.6956521739130435	71	90	161	30	10	18	30	80	134	11
"John Henson"	"Milwaukee Bucks"	174	328	0.5304878048780488	0	1	0.0	57	97	0.5876288659793815	81	189	270	52	22	74	47	79	405	-252
"John Jenkins"	"Atlanta Hawks"	16	42	0.3809523809523809	4	18	0.2222222222222222	4	4	1.0	3	19	22	11	1	1	11	11	40	-26
"John Lucas III"	"Utah Jazz"	56	165	0.3393939393939394	21	70	0.3	7	10	0.7	10	25	35	37	11	0	19	33	140	-133
"John Salmons"	"Sacramento Kings"	41	117	0.3504273504273504	16	42	0.3809523809523809	7	7	1.0	8	38	46	44	12	8	14	32	105	-58
"John Salmons"	"Toronto Raptors"	45	111	0.4054054054054054	21	51	0.4117647058823529	15	21	0.7142857142857143	3	42	45	44	15	6	15	35	126	113
"John Wall"	"Washington Wizards"	294	692	0.4248554913294798	47	148	0.3175675675675675	193	230	0.8391304347826087	24	154	178	349	79	17	147	102	828	79
"Jon Leuer"	"Memphis Grizzlies"	96	197	0.4873096446700508	18	38	0.4736842105263158	24	29	0.8275862068965517	34	87	121	17	13	9	21	46	234	-33
"Jonas Jerebko"	"Detroit Pistons"	34	65	0.5230769230769231	9	21	0.4285714285714285	16	23	0.6956521739130435	11	34	45	11	8	2	20	22	93	-35
"Jonas Valanciunas"	"Toronto Raptors"	163	332	0.4909638554216867	0	1	0.0	87	114	0.7631578947368421	118	228	346	31	14	40	77	129	413	6
"Jordan Crawford"	"Boston Celtics"	188	455	0.4131868131868132	50	157	0.3184713375796178	110	126	0.873015873015873	18	102	120	224	34	3	84	76	536	-89
"Jordan Crawford"	"Golden State Warriors"	8	15	0.5333333333333333	4	7	0.5714285714285714	0	0	0.0	2	2	4	6	0	0	7	3	20	-14
"Jordan Farmar"	"Los Angeles Lakers"	73	180	0.4055555555555556	24	67	0.3582089552238806	22	30	0.7333333333333333	18	54	72	104	16	4	48	33	192	22
"Jordan Hamilton"	"Denver Nuggets"	84	211	0.3981042654028436	42	117	0.358974358974359	19	25	0.76	16	96	112	26	26	12	24	26	229	-58
"Jordan Hill"	"Los Angeles Lakers"	151	275	0.5490909090909091	0	1	0.0	71	110	0.6454545454545455	126	186	312	34	12	35	41	99	373	-157
"Jose Calderon"	"Dallas Mavericks"	185	401	0.4613466334164589	108	239	0.4518828451882845	26	30	0.8666666666666667	14	86	100	204	46	2	51	84	504	-25
"Jose Juan Barea"	"Minnesota Timberwolves"	140	346	0.4046242774566474	43	124	0.3467741935483871	34	46	0.7391304347826086	7	73	80	146	15	0	59	59	357	-16
"Josh Childress"	"New Orleans Hornets"	0	0	0.0	0	0	0.0	0	0	0.0	0	3	3	2	1	0	1	1	0	11
"Josh Harrellson"	"Detroit Pistons"	36	72	0.5	11	28	0.3928571428571428	5	7	0.7142857142857143	29	31	60	13	5	13	7	36	88	6
"Josh McRoberts"	"Charlotte Bobcats"	133	313	0.4249201277955272	54	144	0.375	31	46	0.6739130434782609	49	178	227	177	39	26	47	113	351	2
"Josh Smith"	"Detroit Pistons"	258	633	0.4075829383886256	37	155	0.2387096774193548	97	168	0.5773809523809523	58	231	289	139	64	60	105	103	650	-59
"Jrue Holiday"	"New Orleans Hornets"	203	454	0.447136563876652	30	77	0.3896103896103896	51	63	0.8095238095238095	28	114	142	268	56	12	105	92	487	25
"Julyan Stone"	"Toronto Raptors"	7	16	0.4375	2	7	0.2857142857142857	2	3	0.6666666666666666	2	11	13	10	2	0	4	10	18	-43
"Kawhi Leonard"	"San Antonio Spurs"	199	385	0.5168831168831168	33	101	0.3267326732673267	45	61	0.7377049180327869	52	198	250	72	68	19	48	84	476	124
"Keith Bogans"	"Boston Celtics"	3	6	0.5	3	6	0.5	3	3	1.0	0	3	3	3	1	0	1	2	12	-5
"Kelly Olynyk"	"Boston Celtics"	89	210	0.4238095238095238	14	45	0.3111111111111111	39	47	0.8297872340425532	59	87	146	53	17	13	50	109	231	-62
"Kemba Walker"	"Charlotte Bobcats"	282	670	0.4208955223880597	65	183	0.3551912568306011	155	194	0.7989690721649485	27	150	177	212	60	20	103	68	784	-16
"Kendall Marshall"	"Los Angeles Lakers"	56	128	0.4375	27	59	0.4576271186440678	8	11	0.7272727272727273	4	41	45	139	8	0	47	19	147	-29
"Kendrick Perkins"	"Oklahoma City Thunder"	58	130	0.4461538461538462	0	1	0.0	24	42	0.5714285714285714	55	135	190	52	21	23	61	123	140	72
"Kenneth Faried"	"Denver Nuggets"	164	301	0.5448504983388704	0	3	0.0	63	110	0.5727272727272728	113	186	299	35	25	34	43	82	391	-6
"Kent Bazemore"	"Golden State Warriors"	33	86	0.3837209302325582	9	34	0.2647058823529412	17	32	0.53125	5	34	39	18	11	6	28	40	92	-116
"Kentavious Caldwell-Pope"	"Detroit Pistons"	113	286	0.3951048951048951	38	116	0.3275862068965517	25	33	0.7575757575757576	18	76	94	39	43	5	15	86	289	-27
"Kenyon Martin"	"New York Knicks"	58	117	0.4957264957264957	0	1	0.0	11	19	0.5789473684210527	34	97	131	48	25	24	24	82	127	17
"Kevin Durant"	"Oklahoma City Thunder"	428	850	0.5035294117647059	92	223	0.4125560538116592	387	439	0.8815489749430524	31	302	333	218	65	36	144	94	1335	264
"Kevin Garnett"	"New Jersey Nets"	104	252	0.4126984126984127	0	3	0.0	32	37	0.8648648648648649	38	201	239	55	31	21	42	91	240	-26
"Kevin Love"	"Minnesota Timberwolves"	330	719	0.4589707927677329	96	249	0.3855421686746988	243	303	0.801980198019802	132	388	520	163	35	17	90	75	999	307
"Kevin Martin"	"Minnesota Timberwolves"	249	587	0.424190800681431	70	181	0.3867403314917127	178	195	0.9128205128205128	22	106	128	82	42	3	67	69	746	182
"Kevin Seraphin"	"Washington Wizards"	63	127	0.4960629921259843	0	0	0.0	19	22	0.8636363636363636	30	33	63	9	1	13	28	59	145	25
"Khris Middleton"	"Milwaukee Bucks"	167	389	0.4293059125964011	49	120	0.4083333333333333	53	64	0.828125	29	144	173	76	44	16	49	112	436	-103
"Kirk Hinrich"	"Chicago Bulls"	95	271	0.3505535055350554	33	113	0.2920353982300885	57	72	0.7916666666666666	17	86	103	166	34	16	66	107	280	28
"Klay Thompson"	"Golden State Warriors"	305	683	0.4465592972181552	132	316	0.4177215189873418	79	101	0.7821782178217822	25	106	131	108	42	21	89	131	821	281
"Kobe Bryant"	"Los Angeles Lakers"	31	73	0.4246575342465753	3	16	0.1875	18	21	0.8571428571428571	2	24	26	38	7	1	34	9	83	-32
"Kosta Koufos"	"Memphis Grizzlies"	128	273	0.4688644688644689	0	0	0.0	39	60	0.65	97	167	264	27	19	42	40	104	295	-61
"Kris Humphries"	"Boston Celtics"	115	222	0.5180180180180181	0	2	0.0	48	54	0.8888888888888888	60	158	218	40	15	39	30	71	278	2
"Kyle Korver"	"Atlanta Hawks"	158	332	0.4759036144578313	100	219	0.45662100456621	34	37	0.918918918918919	15	140	155	114	42	13	51	78	450	117
"Kyle Lowry"	"Toronto Raptors"	214	499	0.4288577154308617	100	252	0.3968253968253968	133	165	0.806060606060606	33	135	168	299	66	9	88	135	661	89
"Kyle O'Quinn"	"Orlando Magic"	49	97	0.5051546391752577	0	1	0.0	23	31	0.7419354838709677	29	81	110	19	5	22	24	52	121	-3
"Kyle Singler"	"Detroit Pistons"	123	267	0.4606741573033708	34	103	0.3300970873786408	73	93	0.7849462365591398	52	93	145	27	18	18	38	105	353	-72
"Kyrie Irving"	"Cleveland Cavaliers"	312	726	0.4297520661157025	72	193	0.3730569948186528	150	180	0.8333333333333334	23	95	118	237	48	15	106	94	846	-146
"LaMarcus Aldridge"	"Portland Trail Blazers"	437	916	0.4770742358078602	1	8	0.125	187	229	0.8165938864628821	108	391	499	125	38	43	74	83	1062	308
"Lance Stephenson"	"Indiana Pacers"	221	449	0.4922048997772829	41	119	0.3445378151260504	66	94	0.7021276595744681	52	220	272	208	29	3	102	97	549	273
"Lance Thomas"	"New Orleans Hornets"	2	9	0.2222222222222222	0	0	0.0	2	4	0.5	2	5	7	3	0	0	2	4	6	-3
"Landry Fields"	"Toronto Raptors"	21	59	0.3559322033898305	0	5	0.0	14	22	0.6363636363636364	14	37	51	19	7	2	9	25	56	-27
"Larry Sanders"	"Milwaukee Bucks"	42	97	0.4329896907216495	0	1	0.0	17	38	0.4473684210526316	33	67	100	15	13	27	18	53	101	-79
"Lavoy Allen"	"Philadelphia 76ers"	86	184	0.4673913043478261	2	8	0.25	16	25	0.64	64	134	198	45	14	22	33	78	190	-150
"LeBron James"	"Miami Heat"	401	691	0.5803183791606368	56	149	0.3758389261744967	243	323	0.7523219814241486	43	245	288	272	54	13	147	68	1101	190
"Leandro Barbosa"	"Phoenix Suns"	22	58	0.3793103448275862	1	8	0.125	9	12	0.75	3	13	16	14	3	2	4	11	54	32
"Lorenzo Brown"	"Philadelphia 76ers"	22	71	0.3098591549295774	2	21	0.09523809523809523	9	12	0.75	7	13	20	34	12	3	15	16	55	1
"Lou Amundson"	"New Orleans Hornets"	16	32	0.5	0	0	0.0	6	24	0.25	28	27	55	6	9	11	14	49	38	-26
"Louis Williams"	"Atlanta Hawks"	86	232	0.3706896551724138	41	114	0.3596491228070176	46	56	0.8214285714285714	5	46	51	98	24	3	44	30	259	-4
"Luc Mbah a Moute"	"Minnesota Timberwolves"	27	60	0.45	1	6	0.1666666666666667	13	25	0.52	19	37	56	8	10	2	17	13	68	-25
"Luc Mbah a Moute"	"Sacramento Kings"	15	32	0.46875	1	3	0.3333333333333333	9	13	0.6923076923076923	9	18	27	15	9	5	4	18	40	-17
"Luis Scola"	"Indiana Pacers"	143	289	0.4948096885813149	1	5	0.2	51	67	0.7611940298507462	41	173	214	35	15	10	65	79	338	110
"Luke Ridnour"	"Milwaukee Bucks"	81	200	0.405	25	61	0.4098360655737705	11	17	0.6470588235294118	14	45	59	112	22	2	38	42	198	-156
"Luol Deng"	"Chicago Bulls"	160	354	0.4519774011299435	17	62	0.2741935483870968	101	124	0.8145161290322581	40	118	158	85	24	4	59	53	438	48
"Luol Deng"	"Cleveland Cavaliers"	41	90	0.4555555555555555	10	22	0.4545454545454545	31	37	0.8378378378378378	8	19	27	14	9	1	15	15	123	-21
"Maalik Wayns"	"Los Angeles Clippers"	1	2	0.5	0	0	0.0	0	0	0.0	0	2	2	2	2	0	0	4	2	-10
"Malcolm Thomas"	"San Antonio Spurs"	1	4	0.25	0	0	0.0	0	2	0.0	1	8	9	0	0	2	1	0	2	7
"Manny Harris"	"Los Angeles Lakers"	9	31	0.2903225806451613	3	10	0.3	5	5	1.0	3	12	15	6	1	0	5	5	26	-30
"Manu Ginobili"	"San Antonio Spurs"	172	375	0.4586666666666667	59	161	0.3664596273291926	89	102	0.8725490196078431	21	116	137	179	41	8	78	72	492	259
"MarShon Brooks"	"Boston Celtics"	9	24	0.375	2	4	0.5	11	14	0.7857142857142857	1	18	19	4	1	1	7	5	31	12
"MarShon Brooks"	"Golden State Warriors"	2	3	0.6666666666666666	0	0	0.0	0	0	0.0	0	0	0	0	0	0	0	0	4	5
"Marc Gasol"	"Memphis Grizzlies"	91	204	0.446078431372549	0	1	0.0	68	79	0.8607594936708861	23	89	112	63	15	18	31	43	250	-12
"Marcin Gortat"	"Washington Wizards"	210	403	0.5210918114143921	1	1	1.0	73	101	0.7227722772277227	90	270	360	63	19	65	64	95	494	94
"Marco Belinelli"	"San Antonio Spurs"	182	354	0.5141242937853108	70	142	0.4929577464788732	34	46	0.7391304347826086	8	111	119	90	29	2	56	66	468	166
"Marcus Morris"	"Phoenix Suns"	147	346	0.4248554913294798	55	146	0.3767123287671233	64	82	0.7804878048780488	49	130	179	42	42	11	48	87	413	65
"Marcus Thornton"	"Sacramento Kings"	94	261	0.3601532567049808	38	129	0.2945736434108527	30	35	0.8571428571428571	32	74	106	38	27	8	31	57	256	-2
"Mario Chalmers"	"Miami Heat"	120	266	0.4511278195488722	45	118	0.3813559322033898	67	90	0.7444444444444445	18	87	105	186	68	10	83	104	352	142
"Markieff Morris"	"Phoenix Suns"	187	394	0.4746192893401015	15	45	0.3333333333333333	106	136	0.7794117647058824	80	156	236	67	36	20	66	98	495	30
"Marquis Teague"	"Chicago Bulls"	16	66	0.2424242424242424	2	10	0.2	11	16	0.6875	1	18	19	28	2	4	17	25	45	15
"Marreese Speights"	"Golden State Warriors"	90	226	0.3982300884955752	5	19	0.2631578947368421	61	74	0.8243243243243243	59	86	145	14	4	14	32	80	246	-146
"Martell Webster"	"Washington Wizards"	155	341	0.4545454545454545	87	210	0.4142857142857143	62	73	0.8493150684931506	22	126	148	62	28	9	38	85	459	-23
"Marvin Williams"	"Utah Jazz"	117	267	0.4382022471910113	48	123	0.3902439024390244	19	25	0.76	39	128	167	39	32	21	32	81	301	-66
"Mason Plumlee"	"New Jersey Nets"	66	105	0.6285714285714286	0	1	0.0	53	86	0.6162790697674418	32	67	99	10	17	22	23	67	185	-94
"Matt Barnes"	"Los Angeles Clippers"	62	170	0.3647058823529412	23	84	0.2738095238095238	30	41	0.7317073170731707	24	81	105	34	17	8	27	74	177	-15
"Matt Bonner"	"San Antonio Spurs"	40	86	0.4651162790697674	27	57	0.4736842105263158	0	0	0.0	7	46	53	20	6	4	9	31	107	76
"Matthew Dellavedova"	"Cleveland Cavaliers"	48	109	0.4403669724770642	24	57	0.4210526315789473	16	21	0.7619047619047619	7	33	40	48	19	4	20	48	136	-38
"Maurice Harkless"	"Orlando Magic"	104	223	0.4663677130044843	23	64	0.359375	46	75	0.6133333333333333	35	88	123	32	43	24	36	77	277	-123
"Metta World Peace"	"New York Knicks"	51	128	0.3984375	14	47	0.2978723404255319	10	14	0.7142857142857143	15	34	49	15	23	7	14	40	126	-34
"Meyers Leonard"	"Portland Trail Blazers"	17	37	0.4594594594594595	0	4	0.0	8	8	1.0	12	40	52	6	3	2	6	30	42	-20
"Michael Beasley"	"Miami Heat"	107	212	0.5047169811320755	14	30	0.4666666666666667	42	58	0.7241379310344828	23	89	112	21	13	9	37	62	270	3
"Michael Carter-Williams"	"Philadelphia 76ers"	199	487	0.4086242299794661	31	106	0.2924528301886792	114	164	0.6951219512195121	52	130	182	207	77	17	105	88	543	-159
"Michael Harris"	"Utah Jazz"	29	61	0.4754098360655737	0	2	0.0	26	27	0.9629629629629629	15	18	33	5	16	7	11	36	84	14
"Michael Kidd-Gilchrist"	"Charlotte Bobcats"	76	161	0.4720496894409938	1	8	0.125	47	77	0.6103896103896104	35	83	118	20	18	18	33	68	200	-30
"Mike Conley"	"Memphis Grizzlies"	257	566	0.4540636042402827	57	161	0.3540372670807453	116	139	0.8345323741007195	19	79	98	241	59	10	75	78	687	36
"Mike Dunleavy"	"Chicago Bulls"	172	378	0.455026455026455	62	150	0.4133333333333333	50	62	0.8064516129032258	16	139	155	86	30	16	52	72	456	68
"Mike James"	"Chicago Bulls"	2	12	0.1666666666666667	0	2	0.0	0	0	0.0	0	4	4	9	1	0	2	10	4	-7
"Mike Miller"	"Memphis Grizzlies"	96	213	0.4507042253521127	48	115	0.4173913043478261	28	32	0.875	18	103	121	68	14	1	35	58	268	-123
"Mike Scott"	"Atlanta Hawks"	126	258	0.4883720930232558	26	84	0.3095238095238095	53	66	0.803030303030303	32	96	128	34	15	4	26	49	331	-74
"Miles Plumlee"	"Phoenix Suns"	174	341	0.5102639296187683	0	0	0.0	48	94	0.5106382978723404	105	251	356	24	30	66	58	107	396	70
"Miroslav Raduljica"	"Milwaukee Bucks"	50	85	0.5882352941176471	0	0	0.0	29	35	0.8285714285714286	33	34	67	13	6	8	16	52	129	-23
"Mirza Teletovic"	"New Jersey Nets"	98	226	0.4336283185840708	64	152	0.4210526315789473	16	24	0.6666666666666666	24	93	117	29	10	9	25	70	276	-53
"Mo Williams"	"Portland Trail Blazers"	154	381	0.4041994750656168	49	135	0.362962962962963	36	40	0.9	26	58	84	204	37	9	85	123	393	64
"Monta Ellis"	"Dallas Mavericks"	328	710	0.4619718309859155	30	100	0.3	195	246	0.7926829268292683	20	125	145	262	79	11	145	108	881	-13
"Nando De Colo"	"San Antonio Spurs"	15	34	0.4411764705882353	7	16	0.4375	2	3	0.6666666666666666	2	18	20	16	9	1	12	9	39	-15
"Nate Robinson"	"Denver Nuggets"	154	362	0.425414364640884	55	144	0.3819444444444444	67	80	0.8375	21	59	80	101	33	3	53	85	430	82
"Nate Wolters"	"Milwaukee Bucks"	72	179	0.4022346368715084	3	28	0.1071428571428571	33	47	0.7021276595744681	14	47	61	98	21	9	30	27	180	24
"Nazr Mohammed"	"Chicago Bulls"	25	70	0.3571428571428572	0	0	0.0	11	18	0.6111111111111112	42	46	88	11	8	19	23	40	61	-5
"Nemanja Nedovic"	"Golden State Warriors"	8	35	0.2285714285714286	3	16	0.1875	5	6	0.8333333333333334	3	12	15	12	0	1	12	13	24	-67
"Nene"	"Washington Wizards"	170	351	0.4843304843304843	0	2	0.0	114	187	0.6096256684491979	37	159	196	106	36	34	67	104	454	57
"Nick Calathes"	"Memphis Grizzlies"	28	71	0.3943661971830986	3	10	0.3	18	36	0.5	4	25	29	64	13	2	34	44	77	-65
"Nick Collison"	"Oklahoma City Thunder"	72	131	0.5496183206106871	2	9	0.2222222222222222	40	55	0.7272727272727273	58	93	151	48	13	18	33	97	186	223
"Nick Young"	"Los Angeles Lakers"	244	570	0.4280701754385965	74	204	0.3627450980392157	157	187	0.839572192513369	20	93	113	59	29	11	65	107	719	-40
"Nicolas Batum"	"Portland Trail Blazers"	192	423	0.4539007092198581	79	220	0.3590909090909091	88	108	0.8148148148148148	62	225	287	244	43	29	106	82	551	290
"Nikola Pekovic"	"Minnesota Timberwolves"	300	564	0.5319148936170213	0	0	0.0	148	198	0.7474747474747475	171	205	376	43	24	22	66	101	748	171
"Nikola Vucevic"	"Orlando Magic"	157	308	0.5097402597402597	0	0	0.0	51	65	0.7846153846153846	83	225	308	53	32	31	66	76	365	-71
"Norris Cole"	"Miami Heat"	132	287	0.4599303135888502	37	94	0.3936170212765958	31	37	0.8378378378378378	6	99	105	146	43	4	74	81	332	127
"O.J. Mayo"	"Milwaukee Bucks"	179	451	0.3968957871396896	65	175	0.3714285714285714	67	77	0.8701298701298701	24	82	106	91	25	11	85	85	490	-313
"Ognjen Kuzmic"	"Golden State Warriors"	3	10	0.3	0	0	0.0	2	5	0.4	5	5	10	1	0	4	9	11	8	-47
"Omer Asik"	"Houston Rockets"	25	53	0.4716981132075472	0	0	0.0	25	39	0.6410256410256411	28	87	115	7	4	7	20	34	75	23
"Omri Casspi"	"Houston Rockets"	129	290	0.4448275862068966	45	125	0.36	52	74	0.7027027027027027	36	132	168	61	33	10	48	75	355	133
"Orlando Johnson"	"Indiana Pacers"	31	91	0.3406593406593407	8	38	0.2105263157894737	17	20	0.85	7	43	50	15	6	1	13	22	87	6
"Otto Porter"	"Washington Wizards"	15	47	0.3191489361702128	0	7	0.0	5	8	0.625	8	19	27	8	6	0	7	11	35	-15
"PJ Tucker"	"Phoenix Suns"	132	314	0.4203821656050956	40	93	0.4301075268817204	76	96	0.7916666666666666	84	161	245	74	45	10	52	99	380	78
"Pablo Prigioni"	"New York Knicks"	33	78	0.4230769230769231	25	61	0.4098360655737705	4	4	1.0	11	42	53	82	32	1	21	55	95	-11
"Patrick Beverley"	"Houston Rockets"	94	227	0.4140969162995595	39	117	0.3333333333333333	37	47	0.7872340425531915	39	66	105	67	35	11	31	71	264	157
"Patrick Patterson"	"Sacramento Kings"	50	122	0.4098360655737705	9	39	0.2307692307692308	9	16	0.5625	34	65	99	15	13	3	16	39	118	-29
"Patrick Patterson"	"Toronto Raptors"	81	160	0.50625	15	34	0.4411764705882353	20	27	0.7407407407407407	42	60	102	24	13	12	24	50	197	83
"Patty Mills"	"San Antonio Spurs"	127	272	0.4669117647058824	58	136	0.4264705882352941	32	38	0.8421052631578947	12	47	59	68	35	4	30	57	344	159
"Pau Gasol"	"Los Angeles Lakers"	271	585	0.4632478632478633	4	13	0.3076923076923077	117	157	0.7452229299363057	86	315	401	134	17	58	99	83	663	-197
"Paul George"	"Indiana Pacers"	327	708	0.461864406779661	103	264	0.3901515151515151	198	229	0.8646288209606987	25	230	255	140	75	10	109	102	955	350
"Paul Millsap"	"Atlanta Hawks"	257	549	0.4681238615664845	40	105	0.3809523809523809	153	205	0.7463414634146341	85	245	330	117	66	48	95	114	707	40
"Paul Pierce"	"New Jersey Nets"	145	356	0.4073033707865168	44	133	0.3308270676691729	120	143	0.8391608391608392	14	154	168	108	34	19	87	80	454	-5
"Pero Antic"	"Atlanta Hawks"	59	138	0.427536231884058	29	79	0.3670886075949367	21	27	0.7777777777777778	25	74	99	30	8	9	23	62	168	92
"Perry Jones"	"Oklahoma City Thunder"	42	83	0.5060240963855421	10	26	0.3846153846153846	9	20	0.45	16	37	53	9	8	13	10	28	103	39
"Peyton Siva"	"Detroit Pistons"	2	8	0.25	0	2	0.0	0	0	0.0	1	7	8	8	3	1	13	11	4	-14
"Phil Pressey"	"Boston Celtics"	30	108	0.2777777777777778	11	44	0.25	13	23	0.5652173913043478	7	32	39	101	33	3	31	50	84	7
"Quincy Acy"	"Sacramento Kings"	25	48	0.5208333333333334	0	2	0.0	10	17	0.5882352941176471	21	54	75	9	5	11	8	43	60	-38
"Quincy Acy"	"Toronto Raptors"	6	14	0.4285714285714285	2	5	0.4	5	8	0.625	5	10	15	4	4	3	2	8	19	-19
"Quincy Miller"	"Denver Nuggets"	27	61	0.4426229508196721	6	20	0.3	11	13	0.8461538461538461	12	27	39	2	2	3	13	14	71	-6
"Quincy Pondexter"	"Memphis Grizzlies"	31	79	0.3924050632911392	11	34	0.3235294117647059	21	26	0.8076923076923077	10	16	26	20	5	1	15	18	94	-108
"Rajon Rondo"	"Boston Celtics"	7	27	0.2592592592592592	0	4	0.0	1	4	0.25	2	9	11	13	4	0	7	1	15	-11
"Ramon Sessions"	"Charlotte Bobcats"	152	370	0.4108108108108108	11	55	0.2	155	196	0.7908163265306123	21	70	91	142	27	5	73	35	470	-16
"Randy Foye"	"Denver Nuggets"	145	352	0.4119318181818182	77	203	0.3793103448275862	61	73	0.8356164383561644	14	83	97	96	25	16	45	98	428	35
"Rashard Lewis"	"Miami Heat"	70	165	0.4242424242424243	35	100	0.35	12	16	0.75	17	62	79	42	42	8	27	71	187	64
"Rasual Butler"	"Indiana Pacers"	19	38	0.5	11	24	0.4583333333333333	0	0	0.0	3	9	12	4	1	3	3	11	49	-15
"Ray Allen"	"Miami Heat"	127	292	0.4349315068493151	53	156	0.3397435897435898	62	69	0.8985507246376812	14	106	120	87	33	6	52	71	369	107
"Ray McCallum"	"Sacramento Kings"	4	13	0.3076923076923077	1	4	0.25	0	0	0.0	1	4	5	6	0	1	2	1	9	14
"Raymond Felton"	"New York Knicks"	110	282	0.3900709219858156	27	94	0.2872340425531915	32	45	0.7111111111111111	19	45	64	144	25	13	56	72	279	-87
"Reggie Bullock"	"Los Angeles Clippers"	17	45	0.3777777777777778	8	28	0.2857142857142857	4	5	0.8	4	20	24	4	1	1	6	11	46	61
"Reggie Evans"	"New Jersey Nets"	19	44	0.4318181818181818	0	0	0.0	27	52	0.5192307692307693	46	92	138	4	11	2	26	50	65	-66
"Reggie Jackson"	"Oklahoma City Thunder"	228	502	0.4541832669322709	43	124	0.3467741935483871	83	95	0.8736842105263158	25	140	165	168	47	2	94	72	582	279
"Richard Jefferson"	"Utah Jazz"	150	342	0.4385964912280702	64	150	0.4266666666666667	75	98	0.7653061224489796	11	115	126	80	28	10	58	83	439	-234
"Ricky Ledo"	"Dallas Mavericks"	6	17	0.3529411764705883	3	8	0.375	4	4	1.0	0	2	2	2	1	0	2	2	19	9
"Ricky Rubio"	"Minnesota Timberwolves"	114	326	0.3496932515337423	26	70	0.3714285714285714	97	114	0.8508771929824561	32	160	192	335	109	7	109	102	351	226
"Robbie Hummel"	"Minnesota Timberwolves"	30	83	0.3614457831325301	13	45	0.2888888888888889	5	5	1.0	21	52	73	9	8	1	3	27	78	25
"Robert Covington"	"Houston Rockets"	2	5	0.4	1	4	0.25	0	0	0.0	0	1	1	0	1	0	0	1	5	-3
"Robert Sacre"	"Los Angeles Lakers"	50	103	0.4854368932038835	0	0	0.0	24	38	0.631578947368421	29	59	88	15	9	26	14	44	124	-59
"Robin Lopez"	"Portland Trail Blazers"	179	331	0.540785498489426	0	0	0.0	90	114	0.7894736842105263	174	179	353	34	16	63	48	105	448	218
"Rodney Stuckey"	"Detroit Pistons"	183	396	0.4621212121212121	12	39	0.3076923076923077	115	139	0.8273381294964028	19	55	74	67	28	8	59	65	493	-71
"Roger Mason Jr."	"Miami Heat"	24	65	0.3692307692307693	16	46	0.3478260869565217	7	7	1.0	1	21	22	19	6	1	9	26	71	3
"Ronnie Brewer"	"Houston Rockets"	3	15	0.2	1	8	0.125	0	2	0.0	2	12	14	10	6	1	2	4	7	-45
"Ronnie Price"	"Orlando Magic"	14	45	0.3111111111111111	6	21	0.2857142857142857	3	5	0.6	7	23	30	27	15	2	8	25	37	-5
"Ronny Turiaf"	"Minnesota Timberwolves"	10	20	0.5	0	0	0.0	3	12	0.25	18	30	48	6	3	8	4	18	23	17
"Roy Hibbert"	"Indiana Pacers"	185	399	0.4636591478696742	2	4	0.5	123	164	0.75	123	198	321	55	18	106	80	135	495	345
"Royal Ivey"	"Oklahoma City Thunder"	0	1	0.0	0	1	0.0	0	0	0.0	0	1	1	0	0	0	0	0	0	-3
"Rudy Gay"	"Sacramento Kings"	161	308	0.5227272727272727	20	54	0.3703703703703703	81	95	0.8526315789473684	25	76	101	62	24	15	60	46	423	-6
"Rudy Gay"	"Toronto Raptors"	130	335	0.3880597014925373	22	59	0.3728813559322034	68	88	0.7727272727272727	29	104	133	40	28	23	59	47	350	-9
"Rudy Gobert"	"Utah Jazz"	16	35	0.4571428571428571	0	0	0.0	16	35	0.4571428571428571	31	57	88	4	6	19	21	33	48	12
"Russell Westbrook"	"Oklahoma City Thunder"	190	448	0.4241071428571428	34	110	0.3090909090909091	119	150	0.7933333333333333	27	122	149	174	44	3	100	53	533	94
"Ryan Anderson"	"New Orleans Hornets"	155	354	0.4378531073446328	67	164	0.4085365853658536	59	62	0.9516129032258065	66	76	142	17	10	7	20	47	436	30
"Ryan Gomes"	"Oklahoma City Thunder"	3	8	0.375	0	2	0.0	0	0	0.0	0	4	4	1	0	0	1	5	6	7
"Ryan Hollins"	"Los Angeles Clippers"	32	46	0.6956521739130435	0	0	0.0	26	44	0.5909090909090909	18	44	62	2	5	17	21	58	90	10
"Ryan Kelly"	"Los Angeles Lakers"	37	91	0.4065934065934066	12	41	0.2926829268292683	37	44	0.8409090909090909	15	46	61	17	6	8	16	47	123	9
"Samuel Dalembert"	"Dallas Mavericks"	99	173	0.5722543352601156	0	1	0.0	58	79	0.7341772151898734	90	171	261	20	26	47	47	111	256	-1
"Serge Ibaka"	"Oklahoma City Thunder"	260	501	0.5189620758483033	11	32	0.34375	70	91	0.7692307692307693	108	267	375	37	19	104	64	113	601	179
"Sergey Karasev"	"Cleveland Cavaliers"	10	32	0.3125	4	18	0.2222222222222222	9	10	0.9	0	15	15	5	3	1	9	17	33	-43
"Seth Curry"	"Memphis Grizzlies"	0	0	0.0	0	0	0.0	0	0	0.0	0	0	0	0	0	0	0	0	0	6
"Shabazz Muhammad"	"Minnesota Timberwolves"	6	23	0.2608695652173913	1	3	0.3333333333333333	3	4	0.75	4	5	9	1	1	0	4	2	16	-26
"Shane Battier"	"Miami Heat"	60	142	0.4225352112676056	41	111	0.3693693693693694	9	14	0.6428571428571429	17	54	71	26	21	24	7	68	170	136
"Shane Larkin"	"Dallas Mavericks"	45	115	0.391304347826087	11	34	0.3235294117647059	14	21	0.6666666666666666	9	25	34	56	22	1	36	33	115	76
"Shaun Livingston"	"New Jersey Nets"	107	242	0.4421487603305785	1	5	0.2	75	88	0.8522727272727273	37	83	120	129	41	18	53	80	290	10
"Shawn Marion"	"Dallas Mavericks"	190	402	0.472636815920398	35	95	0.3684210526315789	38	48	0.7916666666666666	64	210	274	68	48	25	50	70	453	-103
"Shawne Williams"	"Los Angeles Lakers"	60	159	0.3773584905660378	36	110	0.3272727272727273	9	14	0.6428571428571429	20	123	143	29	15	26	19	85	165	34
"Shelvin Mack"	"Atlanta Hawks"	103	231	0.4458874458874459	30	79	0.379746835443038	29	35	0.8285714285714286	8	64	72	124	27	0	38	47	265	66
"Solomon Hill"	"Indiana Pacers"	9	25	0.36	4	17	0.2352941176470588	4	5	0.8	8	18	26	9	2	2	9	11	26	2
"Solomon Jones"	"Orlando Magic"	6	17	0.3529411764705883	0	0	0.0	2	4	0.5	8	8	16	2	2	2	2	12	14	-25
"Spencer Hawes"	"Philadelphia 76ers"	211	444	0.4752252252252252	65	157	0.4140127388535032	65	85	0.7647058823529411	68	279	347	139	26	56	92	115	552	-232
"Stephen Curry"	"Golden State Warriors"	324	733	0.4420190995907231	128	334	0.3832335329341318	165	191	0.8638743455497382	23	160	183	368	75	10	168	111	941	324
"Stephen Jackson"	"Los Angeles Clippers"	6	26	0.2307692307692308	1	14	0.07142857142857142	2	4	0.5	2	8	10	5	6	1	6	11	15	25
"Steve Blake"	"Los Angeles Lakers"	72	181	0.3977900552486188	40	100	0.4	21	26	0.8076923076923077	4	65	69	162	19	1	52	35	205	-126
"Steve Nash"	"Los Angeles Lakers"	12	46	0.2608695652173913	5	13	0.3846153846153846	11	12	0.9166666666666666	2	7	9	29	2	1	12	11	40	-36
"Steve Novak"	"Toronto Raptors"	25	69	0.3623188405797101	23	57	0.4035087719298245	4	4	1.0	3	21	24	8	5	0	3	18	77	3
"Steven Adams"	"Oklahoma City Thunder"	57	118	0.4830508474576271	0	0	0.0	55	83	0.6626506024096386	90	113	203	32	22	32	43	127	169	31
"Taj Gibson"	"Chicago Bulls"	201	411	0.489051094890511	0	3	0.0	93	131	0.7099236641221374	94	172	266	42	15	61	74	105	495	44
"Tayshaun Prince"	"Memphis Grizzlies"	100	251	0.398406374501992	10	31	0.3225806451612903	24	39	0.6153846153846154	14	94	108	62	22	9	23	33	234	43
"Terrence Jones"	"Houston Rockets"	187	363	0.5151515151515151	17	60	0.2833333333333333	62	102	0.6078431372549019	84	216	300	47	23	59	36	69	453	85
"Terrence Ross"	"Toronto Raptors"	138	342	0.4035087719298245	71	183	0.3879781420765027	32	40	0.8	22	108	130	32	31	11	39	91	379	63
"Thabo Sefolosha"	"Oklahoma City Thunder"	90	223	0.4035874439461883	28	90	0.3111111111111111	31	40	0.775	33	118	151	50	46	16	37	56	239	56
"Thaddeus Young"	"Philadelphia 76ers"	280	581	0.4819277108433735	35	99	0.3535353535353535	81	114	0.7105263157894737	84	164	248	72	74	21	73	98	676	-231
"Thomas Robinson"	"Portland Trail Blazers"	72	149	0.4832214765100671	0	0	0.0	32	51	0.6274509803921569	43	86	129	15	9	8	23	59	176	-66
"Tiago Splitter"	"San Antonio Spurs"	97	176	0.5511363636363636	0	0	0.0	63	93	0.6774193548387096	70	116	186	34	14	13	39	56	257	79
"Tim Duncan"	"San Antonio Spurs"	225	476	0.4726890756302521	0	2	0.0	116	160	0.725	80	301	381	118	18	76	75	59	566	152
"Timofey Mozgov"	"Denver Nuggets"	133	237	0.5611814345991561	0	5	0.0	89	121	0.7355371900826446	85	157	242	23	11	51	56	107	355	103
"Timothy Hardaway Jr."	"New York Knicks"	120	266	0.4511278195488722	53	134	0.3955223880597015	43	52	0.8269230769230769	9	44	53	32	19	6	22	51	336	-146
"Tobias Harris"	"Orlando Magic"	108	253	0.4268774703557312	13	63	0.2063492063492063	59	80	0.7375	30	130	160	28	10	7	27	60	288	-155
"Toney Douglas"	"Golden State Warriors"	32	86	0.3720930232558139	19	59	0.3220338983050847	5	8	0.625	4	22	26	19	6	2	16	34	88	-80
"Tony Allen"	"Memphis Grizzlies"	113	229	0.4934497816593886	5	27	0.1851851851851852	45	66	0.6818181818181818	44	60	104	54	53	12	49	58	276	34
"Tony Mitchell"	"Detroit Pistons"	3	5	0.6	1	1	1.0	4	10	0.4	7	4	11	1	1	2	2	2	11	-5
"Tony Parker"	"San Antonio Spurs"	277	537	0.515828677839851	17	39	0.4358974358974359	129	160	0.80625	10	85	95	238	21	5	94	49	700	185
"Tony Snell"	"Chicago Bulls"	76	196	0.3877551020408163	36	110	0.3272727272727273	17	24	0.7083333333333334	12	59	71	38	15	8	26	32	205	-71
"Tony Wroten"	"Philadelphia 76ers"	175	422	0.4146919431279621	30	119	0.2521008403361344	88	156	0.5641025641025641	34	88	122	117	35	10	97	78	468	-198
"Tornike Shengelia"	"New Jersey Nets"	11	24	0.4583333333333333	0	6	0.0	3	8	0.375	4	10	14	12	2	1	11	16	25	-23
"Toure Murry"	"New York Knicks"	29	72	0.4027777777777778	1	7	0.1428571428571428	13	23	0.5652173913043478	7	18	25	28	13	0	15	31	72	-11
"Travis Outlaw"	"Sacramento Kings"	47	125	0.376	14	43	0.3255813953488372	23	26	0.8846153846153846	22	67	89	18	11	13	12	42	131	-1
"Trevor Ariza"	"Washington Wizards"	173	393	0.4402035623409669	81	208	0.3894230769230769	66	88	0.75	45	172	217	102	67	10	63	83	493	37
"Trevor Booker"	"Washington Wizards"	103	184	0.5597826086956522	0	1	0.0	17	30	0.5666666666666667	84	125	209	34	17	13	25	69	223	-75
"Trey Burke"	"Utah Jazz"	157	403	0.3895781637717122	49	141	0.3475177304964539	57	63	0.9047619047619048	13	86	99	175	22	5	65	62	420	-75
"Tristan Thompson"	"Cleveland Cavaliers"	197	428	0.4602803738317757	0	1	0.0	118	176	0.6704545454545454	156	254	410	36	20	20	66	92	512	-119
"Ty Lawson"	"Denver Nuggets"	221	523	0.4225621414913958	47	135	0.3481481481481482	207	259	0.7992277992277992	26	108	134	349	58	9	122	68	696	-43
"Tyler Hansbrough"	"Toronto Raptors"	41	93	0.4408602150537634	0	1	0.0	72	99	0.7272727272727273	59	81	140	8	11	8	23	62	154	15
"Tyler Zeller"	"Cleveland Cavaliers"	49	90	0.5444444444444444	0	0	0.0	24	41	0.5853658536585366	35	62	97	11	4	13	24	47	122	-83
"Tyreke Evans"	"New Orleans Hornets"	168	410	0.4097560975609756	7	40	0.175	119	144	0.8263888888888888	35	126	161	151	42	10	76	79	462	-47
"Tyshawn Taylor"	"New Jersey Nets"	31	91	0.3406593406593407	3	12	0.25	24	30	0.8	3	12	15	36	12	1	31	29	89	-133
"Tyson Chandler"	"New York Knicks"	54	97	0.5567010309278351	0	0	0.0	37	59	0.6271186440677966	54	96	150	25	12	26	21	47	145	-96
"Udonis Haslem"	"Miami Heat"	27	70	0.3857142857142857	0	0	0.0	15	27	0.5555555555555556	23	50	73	6	5	8	11	45	69	-110
"Vander Blue"	"Boston Celtics"	1	2	0.5	0	0	0.0	0	2	0.0	0	2	2	1	0	0	2	0	2	6
"Viacheslav Kravtsov"	"Phoenix Suns"	7	12	0.5833333333333334	0	0	0.0	4	8	0.5	7	6	13	1	0	1	6	7	18	-34
"Victor Claver"	"Portland Trail Blazers"	0	0	0.0	0	0	0.0	0	0	0.0	0	0	0	0	0	0	1	0	0	-1
"Victor Oladipo"	"Orlando Magic"	206	497	0.414486921529175	38	129	0.2945736434108527	137	180	0.7611111111111111	25	163	188	166	65	32	138	123	587	-239
"Vince Carter"	"Dallas Mavericks"	165	412	0.4004854368932039	65	180	0.3611111111111111	84	100	0.84	30	109	139	121	29	17	63	106	479	-19
"Vitor Faverani"	"Boston Celtics"	60	137	0.4379562043795621	12	38	0.3157894736842105	24	37	0.6486486486486487	41	79	120	15	12	27	39	74	156	-96
"Wayne Ellington"	"Dallas Mavericks"	30	76	0.3947368421052632	12	33	0.3636363636363636	5	6	0.8333333333333334	4	19	23	9	10	2	4	15	77	1
"Wesley Johnson"	"Los Angeles Lakers"	135	320	0.421875	55	150	0.3666666666666666	33	40	0.825	34	113	147	65	44	46	51	112	358	-174
"Wesley Matthews"	"Portland Trail Blazers"	250	522	0.4789272030651341	115	272	0.4227941176470588	110	131	0.8396946564885496	32	143	175	103	43	7	54	86	725	224
"Will Barton"	"Portland Trail Blazers"	12	28	0.4285714285714285	4	11	0.3636363636363636	4	4	1.0	3	10	13	10	3	0	5	6	32	-9
"Will Bynum"	"Detroit Pistons"	83	189	0.4391534391534391	8	24	0.3333333333333333	41	52	0.7884615384615384	9	40	49	72	20	5	46	64	215	-75
"Willie Green"	"Los Angeles Clippers"	50	138	0.3623188405797101	21	63	0.3333333333333333	16	20	0.8	6	36	42	23	10	6	19	40	137	-14
"Wilson Chandler"	"Denver Nuggets"	164	393	0.4173027989821883	64	185	0.345945945945946	59	81	0.7283950617283951	31	129	160	52	31	25	34	99	451	-39
"Xavier Henry"	"Los Angeles Lakers"	102	240	0.425	20	59	0.3389830508474576	89	143	0.6223776223776224	18	68	86	36	33	5	43	58	313	2
"Zach Randolph"	"Memphis Grizzlies"	254	571	0.4448336252189142	0	7	0.0	140	183	0.7650273224043715	121	282	403	101	17	10	94	100	648	-33
"Zaza Pachulia"	"Milwaukee Bucks"	38	105	0.3619047619047619	0	1	0.0	42	45	0.9333333333333333	47	64	111	30	16	5	29	43	118	-52
